0.1
0.19
0.271
0.34390000000000004
0.40951000000000004
0.46855900000000006
0.5217031000000001
0.5695327900000001
0.6125795110000001
0.6513215599000001
0.68618940391
0.717570463519
0.7458134171671
0.7712320754503901
0.7941088679053511
0.814697981114816
0.8332281830033343
0.8499053647030009
0.8649148282327008
0.8784233454094308
0.8905810108684877
0.901522909781639
0.911370618803475
0.9202335569231275
0.9282102012308148
0.9353891811077333
0.94185026299696
0.947665236697264
0.9528987130275376
0.9576088417247839
0.9618479575523055
0.9656631617970749
0.9690968456173674
0.9721871610556306
0.9749684449500675
0.9774716004550608
0.9797244404095546
0.9817519963685992
0.9835767967317393
0.9852191170585654
0.9866972053527088
0.9880274848174379
0.9892247363356941
0.9903022627021246
0.9912720364319122
0.992144832788721
0.9929303495098489
0.9936373145588641
0.9942735831029776
0.9948462247926799
0.995361602313412
0.9958254420820708
0.9962428978738638
0.9966186080864774
0.9969567472778297
0.9972610725500467
0.997534965295042
0.9977814687655379
0.9980033218889841
0.9982029897000857
0.9983826907300771
0.9985444216570694
0.9986899794913624
0.9988209815422262
0.9989388833880036
0.9990449950492033
0.999140495544283
0.9992264459898547
0.9993038013908692
0.9993734212517822
0.9994360791266039
0.9994924712139436
0.9995432240925493
0.9995889016832943
0.9996300115149649
0.9996670103634684
0.9997003093271215
0.9997302783944093
0.9997572505549683
0.9997815254994715
0.9998033729495244
0.999823035654572
0.9998407320891147
0.9998566588802033
0.999870992992183
0.9998838936929647
0.9998955043236682
0.9999059538913014
0.9999153585021713
0.9999238226519541
0.9999314403867587
0.9999382963480828
0.9999444667132745
0.9999500200419471
0.9999550180377524
0.9999595162339772
0.9999635646105794
0.9999672081495214
0.9999704873345693
0.9999734386011123
